18,234,777,284,664,1421
30,1309,72,1412
177,1430
1335,585,1433
22,30,44,98,1428,1437
27,30,1309,1351,132,1407,1417,1436
27,30,1309,1351,132,1407,1417,1436
1440,1154
446,1298,1404
22,1316,1327,1338,1351,1364,1374,1389,1416,1423,1433
22,1316,1327,1338,1351,1364,1374,1389,1416
1280,179,26,30,73,80,1368,1232,300,1412
1299,30,1319
1299,30,52,80,126,1410
1298
177,29,30,61,1351
44,1360,110,1460,1421
1243,948,1377,1246,1436
1281,1423
1307,222,104,336,1423
1335,71,1389,1404,1437
633,344
1327,627
1280,1292,1310,1316,250,260,1358,1416
177
1436
376,1304,411,1314,1331,101,1387,124,1392,1395,582,1421,1437
30,1040,72
22,30,1309,52,72,1423
205,29,30,1327,52,80,270,300,307,132
176,1316,777,1351,270,1389,1437
176,179,30,1311,1039,283,350
1297,173
1303,44,76,1345
44,78
627
1303,237,251,1345
1297,1443,432,1450,185,290,299
382,1316,422,1359,1374,669,1420,1437
1298,1316,1359,1374,1407,1416,1417,1436
1280,1289,1298,1311,1307,1316,1359,1374,290,1407,1417,1420
376,1298
3,1298
722,272,273,555,328
1335,78
30,1308,237,1351,1052
1290,26,30,432,633,266,1410,694
1290,26,30,432,633,266,1410,694
22,1316,1327,1338,1351,1364,1374,1389,1416
30,72
2,786
18,233,284,1387,124,314,1421,1423
1298
358,1311,551,552,1436,1437
176,1307,61,104
1316,44,1326,98,1374,1428,1436,1437
1296,374,1321
1297,1298,1420,603
176,1351
1316,1334,813,1416,1420
1316,1323,1334,1416
948,1304,1326,1387,124,1395
10,1295,1352,1389
1280,26,30,48,1377,132,312,344,174
44,51
1389
1298,1327,1389
1316,1374,1327,72
3,180,1398,1436
30,72,1412
177
177
1101,68,1350
177
51,1428
798,236,1389,304,1398
798,304,1398
176,1433
176
10,1436
30,398,399,400,402,226,624,126,141,1407
30,1307,1327,1349,1271,141,1272,155
30,624,52,648
30,1299,1410,1412
1028,1298,51
30,41,1324,89,678,1423
30,41,1324,89,678,1423
18,30,235,284
788,789,213,1304
1280,397,1335,290,1389,299,1423,1433
26,30,629,1200,1201,270
1303,423,629
1404,1481,1405,1428
948
1307,238,1434,1436
1307,238,1434,1436
1280,214,1327,1423
1359,1389,1393
28,30,1327,52,72
1296,374,1298,1392,1420,1428
1298
1298,1316,245,1359,1374,1416,154,329,1436
30,72
18,852,284,1387,124,1395,1392,1421
179,26,30,46,1327,284
18,235,1349,284
1303,51
1040,80,307,1401
1304,226,1360,185,1389,1421
1299,30,237
26,51
1326,51,284,1387,124,1395
1304
18,234
1290,179,26,30,1349,1393,880,881
1297,1316,66,75,1374,1347,1358,1416,173
1295,1335,1351,1352,1360,1389,1423,1437
432,1377,1397,1414
51,1387
1334,1382,681,713
354,26
1293,154,329,1433
1304,1395,1428
176,1280,22,30,1349,132
1280,1297,1303,51
1279,176,1289,1290,30,1326,1398,132,1410,694,1423
1316,44,1392,1398,1428
30,214,46,1327,181,244,279,307,126,174
30,1307,1327,1474,141,155
373,65,68,1342,1350,1359,1389,533
10,100,1382,1433,713
1304,1316,78
1297,1298,678,1404
1298,678,1404
10
777,781,782,1389
1243,948,369,213,1450,1377,289,1246,1389,1397,1414,344
30,51,896,670,1392,1401,1436
7,1283,10
1316,245,78,175
1389,769
1307,1327,141,1410,155
73,1387,124,1412,1436,1437
1291,1298,1300,1316,1321
1291,1298,1300,1316,1321
648,1398,132,1463,1410,1464,1465
177
177
28,1311,1327,1436
201,284,294,1436
1139,30,51,290,299,1392,132
30,1326,51,52,280,290,299,1392,307,132
1387,124
1280,1284,1285,30,1327,80,307,132,141,155,1227
18,1304,51,100,1387,124,1395,1421,1428,1433
30,214,1324
30,214,1324
1327,72,1423,1430,1436
1297,1414
27,30,46
30,396,1410,408,174
30,396,1410,408,72,648,1344,126,132,312,1410,174
1296,374,445,1335,720,721,63,467,754,724,1389,1418,756
387
1335,70
1359,1374,321,1407
30,1149
30,1324
613,30,1316,1324,155,174
1298,1304,1316,1351,1374,1387,1395
30,1309,1327,112,1052,155
29,30,1304,61,80,270,112,1389,300
176,1423,1436
1303,231,1360,1385,1403,551,552,1407
1303,231,238
1292,1297,1298,505,1387,124,1436
27,30,1033,1034,132,1410
18,284,1377,1407,1417,1421
1280,208
18,1331,1387,124,1421,1437
432,1377,288,1389,1397,1404,1414
1316,1423
201,208
201,208
11,26,162
177
727
1297,1367
196,204,1298,1316,1374,1389,152,1428
29,28,30,61,284,132,1407
1297,104,278,290
177,1420
18,1310,1316,1408,1421
1437
738,1417
1327,72
30,1350
30,51,1350
232,52,181,182,112,285,126,188
249,1407,926,1436
249,1407,926
398,1316,46,1327,52,1351,1423
11
30,624,1327,72
30,1327,249,72,155
1331,1351,1359,1407
176,1283,1286,1291,1300,1303,1327,181,1345
18,1421,1423,1437
1387,124,18,1421
18,1421,1387,124,1331
183
183,1437
183,11
11,1423,1351
11,1423,1351
183,1423
11,12,1423
184,1389,1437
11,1437,183,1389,956
11,12,1298,1423,1437,1316
1437,1389
353,454,1387,124,1394
1437,1423,1364,1389,918
1327,1387,124,1437,1286,1304,1438,1395,1369,1316
132,1410,72,1324,253,1437,1387,124,1395,1351,1364
1286,22,1313,1413,1423,688,705,1387,124,278,403,1437
278,1338,1387,124
1423,1316,1351,1404
1307,1407
1387,124
1423,1389,1437,1361,1364
1389,1296,1437,1292
1297,1347
1389,1351
1351,1423
1436,1423,1351,1437,1392,1316,1374,1416,51
1351,1423,1389,1437,1038,1407,926,1438
1324,253,1410,72,1423
22,705,1423,1351
1351,1410,1423
1423,1351
132,1410,72,1324,253,1437,1387,124,1395,1351,1364
1327,1387,124,1437,1286,1304,1438,1395,1369,1316
1389,1335,1364,1437,1298,1345,1300,92,151
1338,1351,1361,1327
1327,1361,1298,1437,1364,1316,1374
1327,1389,1437,1423
1437,1423
1351,1423
1420,1359,1316,1310,1437,1423,1383
1389,1316,1357,1437,1438,78,1423,1361,91,1364,92,74
1350,1351,1423,1361,68,1358,91
1359,1350,1351,1361
1359,1297,1347,1351,1423,1437,1316
1359,1297,1358,1437,1316
1359,1351,1437
1351,1437,1438,1316,1298,78
797,1437,1316,1436,1351,1438
22,1423,1327,1410,72,1437,1344,396
1423,1437,1351,1316
1280,51,1428,1437,98,1427,44,1423,1345,1438
1428,1280,1351,1423,51,1437,1427,1438
1280,946,1428,1436,1437,1438
132,18,30,179,1466
132,1407,1407
22,1423,1401,1343,53
1401,670,1387,124,110
1401,1423,1316
1359,1350
1351,1437
1437,1389,1404,519
519,1316,1407
1407,1437,291
1407,1437,291
1351,1437,1438,1316,1298,78
797,1437,1316,1436,1351,1438
1437,1438,1387,124
807
1327,807
51
1387
132,1410,72,1423
1437,1436,1423,1389
132,26,30,28,61,27
1437,1438,1423,1364
432,290,519,299
1389,1357,1351,1361
1437,1351
1437,1438,1389,78,1423,1316,1351,1364,1361
1359,1420,893,1437,1423,1400
1437,1423,1297,1358,75,1316,22
1382,1410,1290,1351
1437,1423
1389,1297,1358,1437,1438,1423,75,1367,1361,1316,1374,321
1437,1438,918,1360,1423,1389,1335
1437,1387,124,1395,1369,1304,1351,1438
1316,1361,1423,1404,1351,1437,1438
1428,1297,51,1437,1347,95
1423,1316,1404,318,1399
1404,1316,1351,1423,1437
1423,1437
1437,1351,1389
1437,1423,1297,1358,75,1316,22
1361,110,1387,1389,124,1392,22,1351,1410,1401,1423
1361,110,1387,1389,124,1392,1351,1316,1437
1361,110,1387,1389,124,1392,1404,1373,1316,918
1361,110,1387,1389,124,1392,22,1351
1298,91,1357,1361,1389,1433,1351,1364,1338,1423
1296,1360,1437
1437,1389,1423,1345,1357,74
734,1437,1389,1357
198
454,18,1421,1387,124,1395,1428,98,1394
1324
454,1394,1387,124,1395,1437
454,1394,1387
1361,110,1387,1389,124,1392,22,1351,1410,1401,1423
829,832,18,1421,1437,1423
1327
1387,1394,833,454
1090
1327,1410,1324
1316
1437
1351,1423,1389,1296,316,1364,1361,1338,1437,1316,1438
1437,1389,1297,1358,1351,1438,1361,1423
1297,87,347,1316,1374,523,1351,1437
1436,1437,1351,946,1423
1437,762,761,764,1316,1438
1436,1354,1351,1423,1316
1437,1185
1389,918,1360
1298,87
1351,1437,1423
1278,1351,1407,1423
22,1316
1407,1437,1387,124
432,280,336,1389,1437,1404,154,1316,1423,1364
1316
1437,1351
290,1359,1350,1423,1437,1437,154,1345,68,1351,207,206,432
1423,1316,1387,124,585
290,1423,207,432,299
1437,1437
1389,1437,1400,1316,1298
1359,1423,1437,1316,1310,1438,1358
1359,1389,1351,1423,1316,1437,1350,1420
1437,1316,1326,1359,51,1374,407,1420
1359,1420,1350,1297,1358,1437
1437,22,1423,1316,630,1286
51,1437,1297,1347,22,1423,641
1437,1438,22
1437,22
1387,124,1437,1351
1437,1423
1423,1351,1437,1389,1338,1392
1389,1423,1437,1296
1351,1437
1351,1437,1389,1361,1423
1436,1316,1437
1436,1437,1407
1436,1387
132,1423,1437,30,22,61,1410,1410,72,27
132,22,1410,72,1324,1410
51,1437,1297,1347,22,1423,641
1423,1428,1389,1326,44,41,390,273,98,391,1427,1429,392,1437,1438
857,273,1423,1437,1316,1364,1351
273,30,1423,1278,689,1410
1423,1361,1364,1389,1357,74,1437
1423,1361,1364,1389,1357,74,1437
1389,1104,1360
1437,1389,1428,1423
110,1437,1345,1389,1387,124,22
1423,1401,1383,22
1351,22
1423,1316
1437,1436,1298,1428,98,474,946,1351
1279,1297,1428,602,1436,1437
1387,124,1395
1351,1437
1437,1387,124,1395,1304,1423,1345,94,1351
1326,1288,184,918,1437,1389,1423,654
1326,1387,124,1392,1437,1316,375,436
1428,98,1437,44,51,1351,1326
1423,1351
22,705,1423,1410,72,1316,1364,1361
22,705,1423,1410
1423,1351
1423,1351
124,1387,1395,1437
1437,1389
1437,1404
1423,1278,1351,1364
22,1351
1389,1437,1438,918,1335,1423,1345,1316,1392
1437,1389
1437,1436,1298,1428,98,474,946,1351
1279,1297,1428,602,1436,1437
1387,124,1395
1297,1428,602,98,474,1436,1437,1423,1316,946
1297,1346,1389,510,512,513,1437
1437,1387,124,1395,1351,243
1387,124
1351,1316
1344,1437,22,705,1423,1364
1423,1389,22,236
1344,22,1404
132,1316,1423
1351,1437
674,633,633,1423
1298,1316,181,1351,1374,1436
1338,1342,1352,1389,1437
1316,1351,1407
1298,1316,181,1351,1374,1436
1338,1342,1352,1389,1437
1326,1338,1407
1316,1351,1407
1351,1361,1389
1327,1351,1410,72,22,1437,1361,46
1387,124,1437,1410,1327
1410,72
1327,22,1351
1437,1437,1389,1423,1350,876,1438,1438,78,78,68,542
1316,1437,375,1387,124,1314
1436,1437,1351,1316,1423,1374
51,1437,1436,1303,1351,1438,1297,1347,66
51,1437,1436,1303,1351,1438,1297,1347,66
1436,1437,1361,1338,1316,1351,1345,1438
1436,1345,1437,946,1361,1338,1351
1297,1347,1316,1404,1437
1436,1345,1437,946,1361,1338,1351
1436,1351,1437
882,1423,1389,195,1345,1437,1351,1316,1404,1438
882,22,1437,1316,1423
679,1410,1290,882
1357,1437,1438,1389
1389,1437,1423
1421,18,1387,124,1437
1327,1410,72,22
981,1437
882,1316
1423,1437,1387,124,1395,1304,1351
1435,1423,1437,1404,1338,1364
1423,1437,1389,1297,1358,1351,1438,1361,1423,1364
132,1423,1351,1410,72,22
132,1349,699,197,1423,22,18
132,1410,72,1324,253
51,454,1394,1437,1387,124
132,1423,1351
1423,1351
132,22,1351
22,705,1351,1423,1410,72,1364,1316,1338,1361
454,1387,124,1395,1428,1394,22
1423,1351,1316
22,1351
1437,1423,22,1389,1364,1335,1392,1361,1296,1438,78,79
1297,1347,1423,1389,1437
1437,1316,1351